 0 0 0 0 0 0 0 0 0 0 0
0 0 0 0 0 0 0 0 0 0 0 
 0 0 0 0 0 0 0 0 0 0 0
1 1 1 1 F 0 0 0 0 0 0 
 s . . . 1 0 0 0 0 0 0
1 1 1 . . 1 0 0 0 0 0 
 0 0 d 1 . 1 0 0 0 0 0
0 0 0 0 1 . 1 0 0 0 0 
 0 0 0 0 1 . 1 0 0 0 0
0 0 0 0 0 1 . 1 0 0 0 
 0 0 0 0 0 1 . 1 B 0 0
1 1 1 1 1 1 1 2 . 1 1 
 s . m . . 3 2 3 . . M
1 1 1 1 1 1 1 2 . 1 1 
 0 0 0 0 0 1 . 1 b 0 0
0 0 0 0 0 1 . 1 0 0 0 
 0 0 0 0 1 . 1 0 0 0 0
0 0 0 0 1 . 1 0 0 0 0 
 0 0 D 1 . 1 0 0 0 0 0
1 1 1 . . 1 0 0 0 0 0 
 s . . . 1 0 0 0 0 0 0
1 1 1 1 f 0 0 0 0 0 0 
 0 0 0 0 0 0 0 0 0 0 0
0 0 0 0 0 0 0 0 0 0 0 
 0 0 0 0 0 0 0 0 0 0 0
0 0 0 0 0 0 0 0 0 0 0 
