0 0 0 0 0 0 0 0 0 0 0 0 0 0 0 0 0 0 0 0 0 0 0 0 0 0 0 0 0 0 0 0 0 0 0 0 0 0 0 0 
 0 0 0 0 0 0 0 0 0 0 0 0 0 0 0 0 0 0 0 0 0 0 0 0 0 0 0 0 0 0 0 0 0 0 0 0 0 0 0 0
0 0 0 0 0 0 0 0 0 0 0 0 0 0 0 0 0 0 0 0 0 0 0 0 0 0 0 0 0 0 0 0 0 0 0 0 0 0 0 0 
 0 0 0 0 0 0 0 0 0 0 0 0 0 0 0 0 0 0 0 0 0 0 0 0 0 0 0 0 0 0 0 0 0 0 0 0 0 0 0 0
1 1 1 1 1 1 1 1 c 0 0 0 0 0 0 0 0 0 0 0 0 c 1 1 1 1 1 1 1 c 0 0 0 0 0 0 0 0 0 0 
 s . . . . . . . 1 0 0 0 0 0 0 0 0 0 0 0 1 . . . . . . . . 1 0 0 0 0 0 0 0 0 0 0
1 1 1 1 1 1 1 . . 1 0 0 0 0 0 0 0 0 0 0 1 . . 1 1 1 1 1 . . 1 0 0 0 0 0 0 0 0 0 
 0 0 0 0 0 0 c 1 . 1 0 0 0 0 0 0 0 0 0 1 . 1 c 0 0 0 0 c 1 . 1 0 0 0 0 0 0 0 0 0
0 0 0 0 0 0 0 0 1 . 1 0 0 0 0 0 0 0 0 1 . 1 0 0 0 0 0 0 0 1 . 1 0 0 0 0 0 0 0 0 
 0 0 0 0 0 0 0 0 1 . 1 c 0 0 0 0 0 c 1 . 1 0 0 0 0 0 0 0 0 1 . 1 c 0 0 0 0 0 0 0
0 0 0 0 0 0 0 0 0 1 . . 1 1 1 1 1 1 . . 1 0 0 0 0 0 0 0 0 0 1 . . 1 1 1 1 1 1 1 
 0 0 0 0 0 0 0 0 0 1 . . . . . . . . . 1 0 0 0 0 0 0 0 0 0 0 1 . . . . . . . m .
0 0 0 0 0 0 0 0 0 0 c 1 1 1 1 1 1 1 1 c 0 0 0 0 0 0 0 0 0 0 0 c 1 1 1 1 1 1 1 1 
 0 0 0 0 0 0 0 0 0 0 0 0 0 0 0 0 0 0 0 0 0 0 0 0 0 0 0 0 0 0 0 0 0 0 0 0 0 0 0 0
0 0 0 0 0 0 0 0 0 0 0 0 0 0 0 0 0 0 0 0 0 0 0 0 0 0 0 0 0 0 0 0 0 0 0 0 0 0 0 0 
 0 0 0 0 0 0 0 0 0 0 0 0 0 0 0 0 0 0 0 0 0 0 0 0 0 0 0 0 0 0 0 0 0 0 0 0 0 0 0 0
0 0 0 0 0 0 0 0 0 0 0 0 0 0 0 0 0 0 0 0 0 0 0 0 0 0 0 0 0 0 0 0 0 0 0 0 0 0 0 0 
 0 0 0 0 0 0 0 0 0 0 0 0 0 0 0 0 0 0 0 0 0 0 0 0 0 0 0 0 0 0 0 0 0 0 0 0 0 0 0 0
0 0 0 0 0 0 0 0 0 0 0 0 0 0 0 0 0 0 0 0 0 0 0 0 0 0 0 0 0 0 0 0 0 0 0 0 0 0 0 0 
 s . . . . . . . 0 0 0 0 0 0 0 0 0 0 0 0 0 . . . . . . . . 0 0 0 0 0 0 0 0 0 0 0
0 0 0 0 0 0 0 0 . 0 0 0 0 0 0 0 0 0 0 0 0 . 0 0 0 0 0 0 0 . 0 0 0 0 0 0 0 0 0 0 
 0 0 0 0 0 0 0 0 . 0 0 0 0 0 0 0 0 0 0 0 . 0 0 0 0 0 0 0 0 . 0 0 0 0 0 0 0 0 0 0
0 0 0 0 0 0 0 0 0 . 0 0 0 0 0 0 0 0 0 0 . 0 0 0 0 0 0 0 0 0 . 0 0 0 0 0 0 0 0 0 
 0 0 0 0 0 0 0 0 0 . 0 0 0 0 0 0 0 0 0 . 0 0 0 0 0 0 0 0 0 0 . 0 0 0 0 0 0 0 0 0
0 0 0 0 0 0 0 0 0 0 . 0 0 0 0 0 0 0 0 . 0 0 0 0 0 0 0 0 0 0 0 . 0 0 0 0 0 0 0 0 
 0 0 0 0 0 0 0 0 0 0 . . . . . . . . . 0 0 0 0 0 0 0 0 0 0 0 0 . . . . . . . m .
0 0 0 0 0 0 0 0 0 0 0 0 0 0 0 0 0 0 0 0 0 0 0 0 0 0 0 0 0 0 0 0 0 0 0 0 0 0 0 0 
 0 0 0 0 0 0 0 0 0 0 0 0 0 0 0 0 0 0 0 0 0 0 0 0 0 0 0 0 0 0 0 0 0 0 0 0 0 0 0 0
0 0 0 0 0 0 0 0 0 0 0 0 0 0 0 0 0 0 0 0 0 0 0 0 0 0 0 0 0 0 0 0 0 0 0 0 0 0 0 0 
 0 0 0 0 0 0 0 0 0 0 0 0 0 0 0 0 0 0 0 0 0 0 0 0 0 0 0 0 0 0 0 0 0 0 0 0 0 0 0 0
0 0 0 0 0 0 0 0 0 0 0 0 0 0 0 0 0 0 0 0 0 0 0 0 0 0 0 0 0 0 0 0 0 0 0 0 0 0 0 0 
